Gaussian-Jordan
a = -1.5365853658536583
b = 2.292682926829269
c = 6.024390243902439
